504273
504293
504307
504001
504001
504251
504273
504251
504309
504201
504110
504202
504296
504231
504109
504201
504299
504002
504201
504204
504312
504313
504101
504293
504201
504204
504293
504299
504205
504203
504295
504106
504306
504299
504296
504101
504304
504203
504299
504309
504202
504251
504251
504103
504001
504103
504308
504204
504311
504002
504273
504103
504103
504001
504304
504273
504101
504311
504306
504304
504273
504101
504307
504110
504272
504101
504251
504251
504323
504293
504272
504002
504215
504311
504309
504103
504296
504346
504103
504110
504002
504201
504296
504205
504299
504299
504304
504310
504294
504306
504202
504103
504313
504302
504002
504299
504206
504311
504346
504002
504001
504202
504309
504304
504273
504102
504294
504293
504308
504218
504201
504311
504313
504110
504304
504346
504205
504231
504299
504203
504306
504299
504310
504103
504207
504215
504201
504206
504272
504296
504296
504307
504102
504102
504209
504104
504311
504001
504292
504304
504311
504309
504297
504346
504307
504307
504219
504304
504207
504292
504312
504110
504346
504323
504293
504208
504309
504311
504215
504299
504308
504273
504299
504109
504309
504299
504306
504293
504311
504251
504308
504299
504346
504296
504311
504273
504207
504299
504205
504216
504346
504295
504106
504296
504215
504273
504309
504313
504216
504251
504110
504313
504251
504207
504214
504205
504304
504102
504312
504219
504105
504205
504109
504306
504273
504231
504310
504102
504002
504313
504219
504101
504297
504219
504293
504312
504312
504304
504299
504273
504207
504106
504231
504293
504346
504311
504292
504295
504203
504295
504002
504309
504101
504204
504216
504205
504307
504308
504201
504102
504201
504292
504309
504323
504310
504215
504312
504214
504103
504311
504273
504304
504106
504110
504299
504103
504105
504304
504312
504323
504216
504109
504219
504301
504214
504309
504311
504106
504207
504109
504202
504206
504313
504312
504104
504299
504215
504296
504105
504220
504206
504204
504202
504103
504313
504103
504110
504103
504214
504106
504273
504307
504310
504204
504206
504313
504208
504209
504208
504231
504231
504203
504297
504297
504106
504311
504104
504304
504313
504299
504002
504310
504219
504251
504216
504215
504293
504299
504297
504299
504296
504293
504102
504306
504307
504209
504214
504205
504202
504299
504346
504308
504299
504219
504203
504311
504311
504201
504214
504292
504207
504214
504292
504311
504307
504346
504104
504204
504302
504106
504292
504214
504219
504323
504313
504104
504103
504309
504106
504109
504296
504311
504299
504105
504308
504104
504313
504297
504299
504103
504304
504299
504310
504201
504105
504208
504203
504304
504311
504207
504206
504202
504105
504216
504203
504296
504309
504109
504251
504313
504002
504312
504346
504307
504304
504002
504201
504251
504310
504205
504110
504216
504002
504307
504216
504346
504103
504102
504205
504207
504104
504310
504104
504002
504301
504306
504307
504313
504296
504106
504215
504219
504299
504292
504273
504272
504202
504107
504297
504296
504312
504002
504346
504311
504309
504296
504110
504203
504309
504103
504346
504308
504251
504216
504313
504105
504302
504307
504306
504307
504299
504313
504296
504201
504309
504308
504105
504307
504251
504201
504304
504103
504303
504001
504204
504312
504109
504293
504203
504311
504307
504312
504206
504299
504312
504310
504272
504002
504102
504206
504323
504216
504307
504109
504209
504297
504308
504002
504294
504296
504205
504294
504346
504313
504215
504214
504296
504209
504110
504106
504219
504206
504215
504106
504323
504346
504308
504323
504295
504251
504216
504002
504102
504106
504293
504101
504105
504346
506144
506343
506145
506169
506355
506366
506172
506342
506224
506223
506221
506224
506371
506352
506367
506303
506223
506244
506342
506169
506224
506343
506244
506003
506344
506345
506367
506003
506015
506169
506367
506347
506349
506252
506172
506172
506172
506221
506345
506344
506165
506301
506170
506356
506344
506303
506165
506168
506319
506391
506172
506145
506221
506223
506165
506319
506144
506015
506223
506175
506355
506356
506342
506391
506172
506011
506221
506348
506355
506352
506370
506302
506371
506144
506302
506367
506345
506142
506367
506172
506223
506349
506356
506344
506356
506165
506165
506301
506244
506004
506244
506367
506221
506344
506348
506175
506356
506143
506319
506345
506143
506169
506302
506170
506168
506301
506344
506252
506201
506168
506165
506223
506355
506145
506001
506175
506371
506319
506244
506165
506343
506352
506252
506244
506366
506221
506170
506348
506343
506343
506367
506151
506352
506175
506167
506371
506201
506169
506356
506015
506302
506223
506003
506347
506201
506172
506344
506302
506319
506244
506348
506352
506391
506347
506352
506344
506172
506224
506349
506003
506343
506221
506348
506221
506303
506303
506244
506355
506172
506168
506165
506003
506367
506145
506345
506221
506367
506319
506319
506170
506301
506303
506348
506352
506391
506301
506170
506356
506303
506143
506252
506151
506224
506347
506001
506302
506168
506345
506342
506348
506347
506201
506223
506145
506367
506344
506343
506367
506302
506142
506371
506348
506003
506145
506349
506151
506172
506244
506244
506172
506175
506224
506355
506303
506301
506244
506366
506366
506349
506302
506366
506015
506349
506003
506366
506343
506165
506142
506224
506342
506345
506391
506223
506169
506391
506371
506221
506009
506170
506349
506345
506142
506244
506347
506391
506175
506223
506391
506224
506343
506344
506172
506144
506356
506342
506303
506175
506143
506349
506244
506303
506221
506347
506342
506223
506252
506165
506144
506344
506143
506349
506356
506164
506366
506342
506201
506347
506319
506352
506319
506366
506175
506151
506342
506168
506221
506145
506015
506371
506201
506366
506221
506172
506355
506223
506366
506391
506345
506342
506244
506004
506344
506301
506356
506244
506143
506391
506165
506144
506172
506221
506349
506172
506356
506172
506165
506348
506345
506303
506151
506347
506223
506348
506344
506349
506366
506347
506367
506011
506348
506349
506348
506348
506165
506349
506142
506224
506223
506252
506352
506302
506371
506165
506142
506175
506349
506302
506319
506165
506143
506151
506201
506303
506201
506367
506145
506001
506348
506355
506344
506319
506221
506143
506003
506151
506301
506143
506003
506356
506143
506224
506172
506143
506345
506348
506356
506302
506165
506370
506143
506175
506170
506367
506391
506223
506224
506142
506221
506244
506391
506366
506145
506352
506366
506003
506356
506145
506009
506143
506172
506370
506303
506303
506303
506142
506201
506371
506175
506175
506175
505445
505305
505532
505330
505531
505466
505527
505460
505305
505526
505306
505450
505402
505524
505402
505469
505302
505466
505455
505001
505452
505415
505529
505401
505325
505526
505405
505403
505452
505303
505404
505403
505405
505473
505532
505403
505454
505528
505453
505415
505460
505462
505524
505001
505306
505301
505460
505454
505415
505532
505301
505403
505325
505473
505402
505001
505302
505404
505455
505469
505501
505467
505532
505405
505453
505462
505405
505001
505331
505415
505415
505466
505001
505450
505405
505528
505304
505455
505306
505451
505425
505331
505301
505001
505425
505454
505462
505303
505462
505001
505462
505401
505402
505526
505450
505524
505528
505305
505530
505304
505306
505301
505455
505466
505530
505445
505305
505445
505445
505469
505526
505305
505532
505425
505531
505305
505467
505306
505404
505325
505528
505526
505531
505528
505473
505531
505530
505454
505403
505467
505529
505450
505481
505460
505455
505526
505325
505327
505425
505466
505530
505001
505405
505460
505307
505001
505467
505454
505528
505330
505453
505425
505001
505301
505401
505454
505325
505526
505001
505462
505460
505301
505466
505453
505531
505466
505327
505303
505526
505501
505402
505473
505301
505415
505454
505450
505325
505325
505301
505453
505526
505303
505326
505326
505305
505524
505304
505481
505451
505526
505467
505460
505473
505445
505529
505531
505405
505001
505306
505307
505304
505532
505325
505469
505527
505452
505404
505452
505452
505330
505425
505325
505301
505451
505466
505529
505401
505469
505331
505445
505403
505304
505307
505452
505301
505304
505469
505452
505307
505405
505454
505462
505469
505401
505302
505403
505403
505301
505453
505460
505325
505325
505325
505466
505331
505453
505403
505460
505455
505455
505531
505304
505481
505001
505402
505481
505469
505404
505526
505452
505331
505530
505501
505301
505445
505415
505529
505401
505304
505454
505481
505531
505404
505501
505532
505303
505445
505481
505304
505454
505524
505467
505530
505405
505454
505327
505455
505301
505301
505524
505452
505481
505524
505404
505303
505460
505467
505469
505467
505530
505405
505325
505415
505301
505532
505325
505529
505455
505469
505529
505501
505529
505469
505453
505467
505454
505452
505306
505404
505401
505467
505305
505415
505331
505532
505402
505529
505460
505425
505425
505531
505460
505481
505466
505528
505001
505452
505001
505501
505532
505331
505467
505473
505530
505528
505415
505307
505531
505402
505415
505531
505467
505305
505307
505302
505405
505454
505531
505331
505302
505532
505531
505473
505452
505462
505331
505425
505301
505304
505467
505526
505302
505302
505467
505524
505405
505454
505462
505530
505306
505405
505452
505404
505452
505473
505460
505453
505307
505305
505425
505527
505454
505529
505532
505531
505466
505530
505454
505501
505501
505445
505530
505530
505530
505405
505453
505402
505450
505451
505402
505402
505530
505450
505451
505415
505305
505451
505469
505526
505402
505454
505325
505331
505331
505302
505532
505445
505330
505301
505325
505301
505453
505532
505524
505528
505402
505450
505415
505403
505330
509210
509382
509002
509352
509152
509132
509133
509210
509130
509132
509382
509340
509133
509336
509371
509336
509407
509382
509335
509336
509208
509210
509132
509131
509133
509131
509338
509336
509002
509409
509407
509204
509152
509133
509133
509210
509339
509411
509353
509382
509336
509132
509205
509127
509407
509338
509128
509129
509002
509334
509152
509338
509127
509126
509336
509208
509336
509371
509339
509352
509335
509339
509128
509338
509205
509135
509334
509311
509131
509129
509133
509338
509409
509208
509350
509204
509340
509339
509407
509409
509411
509208
509336
509336
509204
509205
509002
509128
509133
509204
509411
509336
509350
509311
509127
509351
509338
509129
509338
509409
509340
509204
509125
509382
509337
509371
509380
509129
509336
509371
509219
509131
509129
509204
509350
509352
509205
509407
509152
509334
509339
509205
509409
509340
509350
509001
509352
509334
509350
509334
509351
509127
509002
509336
509129
509340
509130
509128
509153
509210
509353
509210
509153
509133
509382
509205
509204
509409
509126
509337
509131
509353
509130
509340
509133
509128
509208
509380
509407
509129
509407
509382
509407
509340
509351
509340
509208
509340
509336
509371
509204
509338
509002
509371
509204
509205
509311
509337
509133
509133
509340
509371
509334
509126
509128
509339
509204
509210
509382
509411
509133
509352
509340
509002
509371
509338
509219
509219
509126
509133
509352
509340
509350
509335
509352
509352
509335
509407
509153
509350
509409
509130
509380
509311
509340
509153
509407
509204
509129
509132
509382
509411
509311
509351
509208
509001
509208
509371
509311
509407
509380
509380
509128
509205
509135
509337
509204
509133
509353
509133
509153
509340
509351
509130
509001
509127
509338
509339
509127
509336
509337
509335
509131
509219
509352
509131
509132
509133
509334
509380
509339
509208
509130
509204
509337
509336
509350
509131
509129
509210
509210
509407
509130
509340
509350
509409
509208
509133
509205
509411
509133
509001
509409
509210
509371
509133
509126
509002
509409
509128
509411
509132
509208
509208
509133
509371
509338
509380
509382
509001
509133
509353
509334
509382
509128
509128
509311
509128
509135
509126
509335
509411
509132
509210
509219
509350
509382
509382
509133
509339
509382
509153
509133
509127
509353
509153
509204
509128
509335
509219
509353
509126
509409
509126
509371
509353
509336
509131
509338
509219
509411
509336
509208
509133
509337
509208
509339
509128
509208
509371
509337
509126
509129
509152
509210
509380
509371
509001
509153
509352
509135
509334
509382
509127
509336
509351
509133
509131
509340
509132
509311
509335
509210
509339
509129
509338
509407
509128
509208
509153
509353
509130
509135
509135
509311
509127
509128
509219
509380
509001
509382
509128
509380
509337
509339
509334
509371
509127
509336
509338
509409
509126
509208
509208
509407
509130
509340
509135
509002
509132
509338
509002
502278
502108
502115
502311
502280
502281
502310
502247
502103
502109
502278
502247
502267
502108
502277
502280
502114
502302
502113
502302
502375
502277
502117
502277
502334
502278
502334
502278
502279
502103
502102
502117
502302
502113
502247
502334
502381
502113
502267
502247
502255
502334
502276
502301
502279
502279
502255
502108
502102
502247
502108
502107
502301
502255
502107
502108
502310
502278
502255
502281
502281
502302
502108
502108
502278
502278
502247
502102
502334
502247
502108
502277
502108
502302
502279
502301
502301
502130
502108
502115
502280
502248
502114
502334
502281
502267
502279
502114
502278
502108
502335
502276
502108
502113
502267
502247
502107
502247
502114
502114
502335
502281
502281
502276
502278
502102
502336
502302
502102
502114
502108
502115
502248
502102
502280
502312
502276
502336
502278
502102
502372
502331
502102
502381
502331
502130
502336
502109
502301
502381
502335
502331
502108
502115
502125
502303
502276
502109
502276
502109
502130
502248
502334
502247
502303
502276
502279
502267
502109
502109
502301
502336
502279
502372
502335
502110
502110
502110
502267
502336
502108
502248
502375
502108
502279
502312
502302
502278
502310
502279
502334
502113
502331
502335
502280
502107
502102
502375
502279
502248
502102
502103
502334
502102
502381
502375
502301
502302
502334
502279
502303
502336
502113
502276
502372
502281
502109
502278
502125
502277
502109
502102
502103
502311
502107
502107
502278
502108
502375
502117
502113
502108
502276
502278
502278
502101
502109
502375
502267
502381
502107
502336
502102
502255
502312
502102
502109
502117
502381
502130
502117
502248
502334
502103
502103
502267
502278
502311
502372
502247
502255
502114
502302
502311
502301
502302
502115
502113
502312
502114
502372
502301
502278
502130
502372
502334
502114
502336
502279
502255
502281
502277
502375
502336
502301
502375
502114
502117
502278
502310
502334
502255
502279
502381
502312
502302
502255
502125
502372
502381
502108
502331
502248
502372
502372
508277
508114
508254
508101
508377
508277
508254
508285
508101
508117
508255
508277
508254
508245
508377
508002
508112
508111
508243
508243
508255
508117
508105
508126
508117
508116
508126
508277
508244
508277
508113
508258
508258
508285
508126
508105
508001
508114
508126
508111
508202
508105
508256
508258
508111
508286
508255
508286
508253
508256
508004
508002
508254
508258
508244
508117
508257
508253
508252
508243
508286
508243
508202
508250
508277
508248
508112
508114
508277
508286
508252
508001
508277
508245
508245
508002
508115
508277
508115
508252
508243
508248
508277
508258
508244
508004
508113
508105
508111
508112
508255
508257
508250
508248
508115
508248
508373
508277
508257
508253
508252
508101
508258
508112
508248
508277
508105
508244
508253
508257
508126
508253
508257
508277
508114
508255
508256
508126
508377
508117
508202
508115
508248
508255
508286
508284
508245
508250
508126
508113
508252
508126
508105
508126
508126
508113
508115
508253
508284
508284
508256
508115
508248
508113
508002
508248
508258
508255
508002
508285
508277
508258
508114
508111
508255
508111
508002
508258
508114
508101
508101
508377
508244
508248
508277
508126
508243
508244
508256
508111
508244
508277
508248
508252
508245
508286
508111
508250
508250
508113
508245
508252
508245
508112
508254
508250
508117
508252
508115
508248
508114
508001
508285
508377
508002
508245
508101
508117
508115
508277
508286
508266
508117
508373
508114
508112
508257
508286
508277
508258
508248
508113
508244
508111
508248
508277
508243
508256
508112
508126
508001
508105
508373
508285
508253
508254
508244
508250
508202
508254
508248
508245
508255
508252
508001
508244
508248
508004
508285
508111
508244
508117
508111
508254
508111
508113
508257
508105
508002
508252
508111
508105
508266
508373
508277
508243
508286
508114
508266
508248
508373
508112
508252
508243
508114
508377
508248
508284
508256
508284
508256
508277
508248
508248
508245
508255
508266
508202
508266
508285
508244
508255
508253
508117
508105
508126
508111
508258
508286
508105
508377
508002
508126
508277
508113
508377
508285
508255
508105
508277
508117
508115
508252
508111
508101
508248
508257
508248
508101
508113
508113
508266
508114
508245
508004
508105
508277
508257
508252
508112
508113
508253
508252
508248
508250
508244
508252
508101
508285
508248
508256
508266
508373
508256
508253
508111
508248
508258
508245
508377
508254
508248
508258
508117
508112
508255
508266
508277
508115
508114
508266
508373
508243
508253
508112
508114
508284
508286
508115
508255
508254
508245
508258
508258
508115
508286
508101
508277
508114
508266
508253
508112
508112
508373
508245
508115
508202
508117
508286
508377
508115
508115
508114
508113
508254
508113
508245
508258
503245
503302
503122
503145
503112
503246
503311
503223
503235
503123
503180
503003
503188
503186
503123
503213
503223
503311
503301
503144
503310
503302
503164
503102
503174
503110
503223
503224
503186
503246
503122
503307
503212
503230
503217
503187
503187
503321
503230
503225
503110
503101
503305
503307
503101
503112
503122
503101
503101
503307
503307
503307
503145
503125
503306
503122
503246
503321
503217
503185
503122
503301
503003
503235
503230
503187
503112
503187
503218
503180
503175
503165
503164
503206
503307
503223
503246
503310
503165
503212
503110
503108
503206
503110
503217
503308
503112
503165
503321
503165
503212
503213
503223
503120
503187
503307
503112
503306
503230
503145
503311
503175
503175
503123
503207
503305
503309
503311
503212
503219
503219
503175
503165
503245
503301
503202
503305
503309
503120
503180
503144
503123
503245
503217
503306
503212
503165
503001
503187
503114
503001
503246
503164
503144
503206
503112
503144
503310
503307
503246
503187
503223
503206
503305
503308
503186
503110
503309
503122
503002
503114
503213
503207
503235
503309
503187
503165
503185
503308
503302
503306
503207
503206
503187
503164
503164
503144
503125
503223
503185
503307
503201
503201
503122
503217
503202
503307
503122
503102
503125
503186
503246
503001
503207
503305
503101
503111
503185
503213
503175
503003
503207
503145
503122
503245
503164
503112
503111
503112
503308
503235
503235
503175
503120
503002
503120
503310
503175
503112
503223
503003
503305
503185
503212
503218
503321
503310
503310
503305
503223
503187
503217
503187
503307
503110
503212
503246
503165
503245
503175
503124
503245
503001
503310
503309
503207
503218
503207
503246
503112
503311
503175
503145
503202
503309
503112
503311
503245
503309
503124
503124
503112
503122
503102
503122
503112
503223
503003
503245
503144
503187
503213
503230
503309
503223
503202
503101
503301
503213
503206
503125
503164
503003
503101
503302
503108
503223
503003
503230
503185
503202
503003
503309
503223
503212
503145
503122
503122
503185
503219
503307
503175
503114
503223
503301
503164
503003
503225
503309
503302
503245
503144
503206
503311
503120
503003
503307
503230
503187
503175
503213
503223
503230
503218
503123
503301
503175
503218
503308
503245
503108
503164
503246
503218
503301
503212
503120
503307
503212
503102
503180
503307
503230
503321
503245
503235
503114
503001
503003
503302
503212
503230
503165
503201
503311
503175
503145
503246
503225
503307
503112
503235
503235
503185
503307
503223
503124
503001
503223
503310
503219
503186
503108
503124
503102
503144
503207
503246
503114
503124
503306
503188
503185
503110
503185
503164
503225
503144
503213
503101
503187
503164
503188
503235
503218
503165
503144
503188
503122
503188
503145
503185
503185
503185
503123
503186
503235
503235
503219
503309
503180
503305
503212
503218
503108
503124
503001
503307
503175
503187
503165
503164
503230
503219
503144
503201
503219
503002
503217
503175
503164
503225
503207
503245
503309
503187
503308
503308
503120
503102
503212
503108
503188
503112
503322
503202
503110
503310
503225
503321
503101
503187
503225
503122
503165
503223
503125
503246
503112
503212
503308
503144
503145
503302
503311
503165
503003
503212
503201
503219
503218
503218
503311
503217
503225
503187
503305
503125
503245
503175
503003
503112
503122
503110
503164
503122
503213
503308
503120
503207
503223
505215
505208
505184
505184
505212
505472
505102
505474
505504
505480
505470
505503
505514
505174
505184
505187
505101
505503
505129
505212
505497
505101
505475
505475
505174
505480
505472
505416
505504
505186
505503
505498
505187
505514
505102
505212
505505
505416
505186
505174
505416
505122
505186
505174
505503
505476
505503
505101
505502
505102
505505
505503
505101
505416
505471
505122
505184
505187
505472
505525
505184
505490
505498
505525
505188
505498
505210
505497
505470
505503
505153
505474
505186
505185
505502
505472
505209
505498
505186
505476
505184
505514
505102
505184
505152
505122
505102
505184
505211
505468
505152
505187
505186
505184
505122
505209
505187
505498
505525
505188
505498
505215
505525
505470
505498
505504
505505
505212
505153
505102
505188
505187
505122
505152
505102
505101
505129
505187
505184
505470
505471
505101
505185
505498
505129
505503
505416
505480
505153
505490
505102
505184
505153
505185
505162
505152
505502
505474
505497
505129
505502
505490
505471
505497
505162
505525
505514
505525
505174
505208
505212
505212
505505
505416
505129
505152
505102
505472
505122
505504
505212
505162
505209
505416
505184
505471
505122
505153
505208
505505
505174
505497
505184
505174
505209
505416
505470
505153
505474
505472
505470
505153
505514
505186
505162
505471
505416
505525
505514
505471
505470
505184
505503
505471
505184
505185
505502
505185
505102
505174
505184
505152
505505
505187
505504
505187
505152
505498
505416
505416
505174
505174
505208
505172
505172
505184
505162
505498
505188
505185
505129
505498
505152
505514
505174
505505
505153
505184
505475
505187
505174
505187
505185
505470
505480
505208
505472
505174
505498
505188
505153
505497
505212
505502
505162
505474
505188
505503
505472
505122
505209
505122
505152
505102
505525
505472
505498
505184
505498
505185
505185
505525
505209
505504
505476
505174
505184
505474
505475
505525
505475
505153
505498
505102
505185
505472
505101
505503
505129
505476
505503
505102
505480
505475
505475
505502
505476
505505
505184
505525
505174
505490
505475
505503
505214
505525
505503
505502
505476
505122
505474
505471
502032
502286
502032
502325
502314
502270
502318
502269
502318
502273
502032
502286
502345
502306
502273
502318
502313
502287
502291
502286
502291
502371
502286
502318
502293
502305
502286
502305
502032
502287
502210
502269
502296
502313
502290
502228
502345
502228
502256
502314
502286
502221
502256
502271
502314
502285
502319
502269
502296
502321
502269
502313
502270
502296
502321
502307
502270
502273
502270
502286
502251
502286
502269
502221
502228
502321
502296
502321
502300
502296
502314
502294
502290
502295
502313
502293
502221
502269
502318
502290
502221
502313
502296
502246
502321
502251
502286
502257
502296
502318
502256
502324
502307
502329
502319
502221
502296
502307
502257
502246
502319
502270
502271
502287
502313
502256
502249
502371
502285
502345
502316
502285
502286
502313
502286
502286
502257
502296
502321
502270
502316
502345
502210
502221
502319
502210
502291
502300
502345
502295
502291
502306
502314
502273
502316
502329
502246
502371
502246
502270
502307
502345
502290
502286
502313
502314
502345
502210
502246
502291
502221
502319
502228
502321
502345
502271
502318
502318
502295
502295
502345
502249
502319
502210
502294
502221
502293
502286
502287
502306
502270
502371
502249
502032
502293
502249
502221
502316
502271
502313
502286
502273
502251
502345
502269
502300
502316
502287
502371
502286
502300
502313
502313
502300
502306
502286
502313
502270
502318
502270
502371
502291
502256
502205
502319
502295
502210
502257
502314
502307
502318
502319
502319
502319
502300
502300
502313
502313
502319
502270
502306
502293
502257
502210
502313
502293
502270
502210
502269
502291
502293
502286
502257
502269
502001
502321
502032
502032
502270
502318
502287
502251
502313
502316
502290
502249
502286
502329
502313
502287
502291
502210
502001
502001
502001
502286
502221
502318
502271
502271
502286
502273
502319
502296
502293
502257
502287
502314
502314
502287
502319
502291
502273
502287
502294
502296
502291
502345
502032
502271
502295
502306
502285
502286
502316
502271
502319
502286
502291
502273
502291
502321
502296
502251
502286
502321
502285
502249
502286
502316
502286
502220
502246
508208
508210
508374
508221
508205
508210
508233
508208
508374
508204
508206
508208
508213
508206
508213
508213
508208
508278
508280
508213
508212
508224
508212
508208
508206
508376
508223
508211
508208
508213
508204
508210
508213
508374
508221
508218
508278
508205
508374
508204
508211
508221
508355
508218
508212
508211
508205
508211
508213
508221
508206
508233
508208
508211
508374
508205
508247
508206
508221
508206
508247
508221
508213
508246
508246
508374
508210
508213
508204
508279
508218
508355
508208
508213
508355
508218
508246
508205
508278
508213
508206
508221
508205
508213
508279
508201
508213
508238
508233
508201
508280
508201
508224
508206
508280
508211
508280
508238
508246
508211
508218
508208
508280
508213
508223
508218
508204
508210
508278
508212
508204
508213
508278
508213
508247
508374
508211
508221
508210
508233
508224
508223
508213
508223
508247
508218
508204
508213
508234
508233
508201
508278
508224
508238
508374
508238
508204
508234
508280
508213
508224
508205
508201
508208
508211
508206
508210
508224
508233
508206
508224
508204
508355
508376
508211
508212
508211
508238
508213
508280
508217
508205
508204
508204
508201
508221
508213
508210
508280
508374
508223
508223
508247
508212
508211
508210
508278
508211
508208
508204
508201
508246
508221
508207
508206
508208
508217
508212
508233
508221
508278
508233
508205
508278
508247
508234
508279
508211
508206
508213
508208
508207
508233
508213
508212
508213
508212
508218
508278
508211
508221
508208
508211
508247
508218
508206
508238
508374
508205
508279
508279
508279
508224
508221
508221
508223
508204
508218
508213
508210
508279
508213
508376
508221
508201
508208
508213
508204
508201
508278
508247
508224
508278
508210
508238
508206
508246
508376
508234
508212
508280
508217
508376
508208
508280
508206
508207
508213
508246
508208
508374
508208
508204
508212
508247
508217
508210
508206
508205
508246
508204
508213
508206
508212
508234
508224
508218
508234
508355
508211
508213
508217
508233
508208
508213
508201
508221
508211
508223
508376
508233
508206
508246
508213
508247
508223
508280
508208
508280
508211
508223
508238
508217
508208
508234
508207
508212
508212
508210
508212
508210
508278
508208
508213
508210
508234
508223
508213
508208
508223
508201
508246
508280
508278
508280
508217
508208
508206
508224
508234
508212
508213
508355
508210
508279
508204
508206
508208
508204
508376
508204
508376
508278
508221
508238
509375
509207
509209
509360
509110
509375
509321
509412
509110
509408
509381
509321
509401
509325
509110
509104
509201
509401
509321
509202
509357
509406
509110
509110
509327
509401
509327
509321
509401
509302
509357
509104
509105
509202
509215
509401
509401
509360
509406
509104
509360
509203
509357
509360
509105
509375
509327
509206
509302
509202
509120
509110
509120
509375
509412
509209
509324
509216
509360
509321
509406
509325
509401
509206
509321
509360
509357
509216
509206
509410
509104
509408
509120
509105
509201
509206
509357
509207
509202
509408
509410
509321
509349
509412
509104
509110
509120
509401
509357
509216
509325
509110
509302
509408
509358
509216
509325
509385
509385
509349
509106
509103
509302
509203
509412
509412
509320
509385
509375
509375
509321
509401
509324
509302
509105
509206
509120
509406
509385
509385
509357
509235
509406
509104
509202
509215
509324
509209
509375
509217
509209
509228
509375
509406
509201
509320
509321
509206
509324
509320
509201
509102
509376
509105
509385
509412
509357
509324
509206
509358
509381
509408
509360
509325
509102
509324
509120
509216
509376
509120
509381
509381
509302
509358
509385
509206
509408
509120
509215
509321
509102
509302
509406
509102
509202
509401
509358
509401
509102
509324
509401
509105
509207
509349
509110
509105
509381
509357
509408
509357
509228
509360
509202
509102
509327
509201
509215
509360
509320
509385
509203
509201
509385
509104
509401
509324
509215
509201
509206
509110
509406
509201
509110
509327
509320
509201
509202
509203
509120
509385
509302
509105
509217
509385
509203
509106
509410
509201
509375
509385
509320
509201
509406
509412
509406
509209
509357
509104
509349
509410
509102
509202
509358
509412
509321
509324
509206
509412
509206
509207
509375
509209
509235
509209
509327
509216
509206
509209
509228
509102
509302
509302
509408
509104
509408
509201
509381
509215
509376
509325
509206
509120
509324
509209
509216
509412
509104
509106
509408
509381
509412
509412
509104
509385
509360
509235
509408
509385
509376
509228
509105
509410
509376
509360
509302
509203
509376
509349
509206
509202
509202
509360
509215
509376
509385
509320
509320
509324
509381
509206
509202
509385
509357
509376
509320
509375
509349
509104
509202
509408
509235
509202
509381
509325
509206
509235
509357
509216
509105
509381
509408
509217
509349
509412
509106
509216
509120
509217
509104
509325
509203
509228
509375
509206
509102
509324
509209
509235
509410
509120
509326
509301
509104
509401
509209
509376
509321
509385
509217
509235
509324
509207
509320
509302
509206
509385
509406
509325
509349
509201
509408
509235
509320
509207
509375
509325
509302
509105
509201
509201
509202
509349
509349
509349
509385
509376
509320
509320
509207
509209
509215
509357
509401
509302
509349
509201
509357
509203
509412
509326
509105
509325
509360
509216
509105
509203
509104
509376
509357
509408
509105
509104
509235
509320
509321
509103
509209
509209
509104
509401
509207
509206
509406
509206
509410
509406
509207
509324
509102
509357
509202
509209
509102
509102
506310
506315
506324
506007
506102
506112
506102
506122
506381
506163
506102
506381
506315
506102
506365
506369
506102
506006
506005
506132
506317
506134
506105
506381
506313
506002
506324
506105
506132
506135
506315
506102
506134
506134
506324
506134
506005
506318
506324
506102
506369
506315
506381
506122
506104
506310
506332
506222
506163
506381
506315
506112
506317
506329
506369
506105
506318
506365
506132
506006
506134
506316
506324
506316
506324
506122
506006
506112
506315
506330
506134
506381
506331
506132
506135
506102
506222
506329
506329
506330
506369
506163
506008
506005
506134
506315
506135
506318
506310
506330
506381
506365
506006
506132
506002
506104
506134
506132
506104
506332
506315
506102
506324
506331
506163
506163
506135
506007
506112
506112
506132
506324
506102
506135
506104
506104
506122
506007
506313
506369
506112
506102
506105
506331
506105
506381
506163
506222
506005
506002
506318
506002
506112
506314
506329
506313
506112
506112
506314
506132
506222
506006
506314
506102
506112
506135
506324
506332
506314
506316
506314
506365
506318
506112
506135
506006
506102
506313
506132
506104
506324
506105
506006
506331
506013
506102
506313
506122
506332
506310
506007
506330
506134
506135
506132
506368
506105
506163
506101
506002
506331
506331
506317
506006
506102
506166
506166
506222
506331
506002
506134
506381
506330
506332
506315
506315
506135
506163
506102
506002
506368
506132
506105
506006
506105
506331
506331
506122
506102
506381
506368
506324
506324
506112
506314
506135
506222
506132
506314
506331
506102
506122
506324
506112
506368
506310
506105
506368
506317
506313
506132
506104
506324
506132
506315
506104
506122
506102
506316
506310
506330
506314
506135
506006
506222
506330
506310
506332
506104
506365
506112
506317
506102
506314
506381
506317
506135
506134
506310
506135
506315
506008
506002
506314
506112
506102
506368
506315
506318
506005
506368
506102
506313
506369
506317
506324
506365
506135
506313
506369
506329
506330
506163
506134
506105
506329
506002
506006
506005
506104
506365
506122
506368
506102
506105
506002
506315
506102
506105
506105
506112
506310
506316
506315
506332
506314
506331
506005
506316
506331
506369
506163
506315
506122
506310
506112
506105
506002
506329
506006
506324
506317
506102
506315
506135
506102
506006
506163
506329
506331
506381
506222
506331
506381
506318
506365
506222
506002
506313
506163
506332
506315
506313
506315
506368
506316
500004
500045
500004
500091
500008
500075
500034
500004
500018
500075
500075
500022
500046
500081
500008
500033
500018
500018
500096
500032
500029
500001
500075
500008
500075
500029
500028
500008
500091
500082
500031
500075
500033
500008
500006
500004
500075
500084
500084
500006
500063
500019
500008
500081
500075
500006
500089
500032
500001
500018
500028
500008
500029
500075
500063
500004
500095
500041
500029
500008
500018
500018
500038
500001
500028
500082
500073
500001
500095
500018
500008
500038
500004
500057
500018
500075
500045
500001
500030
501510
501506
501509
500044
500013
501512
500044
500030
501508
500048
500058
500064
500005
501505
500027
501512
500012
500092
500060
501506
501218
501509
501359
501509
500005
501359
501508
500024
500060
500086
501506
500053
500065
500052
500097
501218
501505
500068
501359
501506
501506
500052
501505
500066
500051
500035
500064
500002
500013
500048
500076
501506
501359
501508
500079
500058
501359
501506
500079
500077
501505
500005
500064
500030
501511
501510
501510
501509
501218
501505
501509
500074
501359
501508
501506
501359
500036
500076
500005
501508
501510
501359
500068
501509
501509
500098
501509
500097
500002
501509
501510
501218
500044
501509
501218
501509
501218
501509
501359
500044
500027
500036
500036
500060
500005
501505
501505
500039
501506
501508
501359
501505
500069
501359
501510
501508
500030
500035
501510
501512
501508
500074
500024
500059
500059
501511
500059
500070
500035
500013
501510
500065
501218
500052
500076
500013
500036
500027
500039
500052
500064
501508
501505
501509
501506
501509
501509
501511
501359
501510
500039
500053
500070
500079
500070
500044
501510
501509
500023
500013
501142
500007
501144
501502
500043
500101
501102
501141
501503
500010
501504
501202
500047
501102
500101
501301
501301
501503
501141
500015
500040
501111
500020
501401
501102
500090
501502
500043
500037
501502
501106
501106
501143
500003
500016
501144
501203
500078
501301
500010
500010
501502
500078
500011
500043
501202
501158
501111
500050
501503
501141
501501
501144
501503
501301
501301
501503
501504
501111
501504
501143
501111
501501
500037
501401
500078
501401
501143
501503
501111
500078
501144
501503
501102
501121
501203
500043
501502
501502
500100
501121
500062
500062
501301
501102
500015
501202
500043
500055
500080
501142
501501
501121
501301
501141
501102
501401
501102
500020
501102
501401
501503
501141
500010
500014
500042
500047
501121
500025
500054
500055
500040
500007
501142
500101
500062
501102
500007
501142
500087
501143
500087
500085
501144
501102
501106
501504
501141
501503
501503
501501
501503
501158
501121
501143
500088
501301
501301
501202
501504
500003
501501
501203
501141
501202
500101
500100
500088
501102
501106
501203
501202
501202
501106
500010
501503
500085
501501
501501
500072
501121
501143
500062
500055
500101
500101
500017
500017
501102
501111
501203
501143
501106
500047
501158
501503
501102
501501
501102
500009
501143
501141
501202
500049
501401
501203
501501
501202
500003
501158
501501
500049
501504
501203
501142
501121
501202
501202
501106
500040
501203
500101
501102
501503
501502
501102
500020
500020
500083
501106
501121
501142
501141
501501
501143
501111
500026
500056
500007
500078
500090
501501
501401
501503
501503
500025
501144
501503
501202
501203
501202
501501
501504
500101
501142
501501
501102
500009
500100
500078
500090
500016
500088
501203
501102
501401
501102
501111
501102
501501
500025
501401
500088
500056
501102
501106
501301
500037
501121
501401
501106
501503
501501
501142
501501
501301
501106
501501
500094
501106
500088
501158
500003
500101
501203
501102
501203
501202
500061
501502
501102
501501
500043
500067
501501
501504
500055
501501
501141
501503
501203
501121
500007
501202
501142
501301
500078
501202
501144
500015
500101
501142
500078
501202
500088
501504
501101
500093
500072
501502
501301
501143
501144
501203
501203
501106
501106
500020
515004
515731
515002
515766
515415
515822
515445
515001
515002
515001
515741
515775
515455
515766
515445
515465
515001
515751
515867
515741
515763
515767
515775
515722
515867
515863
515722
515425
515766
515402
515761
515741
515867
515766
515402
515787
515415
515413
515867
515767
515870
515763
515867
515871
515411
515425
515767
515408
515401
515871
515002
515812
515763
515002
515701
515701
515812
515865
515414
515411
515425
515455
515761
515842
515812
515408
515767
515425
515766
515414
515445
515465
515761
515812
515411
515405
515465
515414
515455
515408
515767
515611
515611
515721
515711
515415
515701
515865
515765
515871
515775
515812
515414
515405
515761
515842
515803
515741
515425
515787
515775
515405
515775
515832
515842
515775
515005
515722
515425
515761
515871
515731
515871
515414
515004
515871
515465
515761
515401
515865
515425
515863
515763
515722
515871
515401
515402
515401
515401
515751
515711
515812
515865
515763
515731
515408
515425
515842
515863
515863
515801
515801
515425
515722
515741
515842
515765
515801
515870
515872
515812
515415
515611
515711
515401
515401
515711
515766
515731
515812
515465
515701
515722
515425
515867
515411
515761
515701
515842
515711
515865
515766
515445
515765
515004
515002
515711
515775
515871
515611
515774
515465
515863
515761
515865
515761
515761
515001
515408
515832
515751
515765
515711
515767
515731
515721
515871
515763
515870
515402
515787
515711
515803
515832
515775
515415
515867
515774
515425
515775
515767
515863
515787
515401
515871
515414
515842
515761
515408
515401
515774
515711
515701
515731
515870
515751
515731
515401
515812
515803
515870
515455
515465
515711
515871
515414
515766
515761
515425
515751
515871
515405
515766
515465
515865
515455
515812
515465
515731
515414
515751
515425
515766
515812
515405
515871
515405
515767
515751
515721
515765
515731
515711
515465
515405
515801
515812
515004
515445
515711
515787
515761
515767
515765
515774
515763
515865
515865
515751
515822
515803
515842
515425
515871
515455
515401
515741
515803
515425
515004
515408
515763
515435
515435
515761
515741
515842
515871
515867
515822
515408
515766
515787
515414
515865
515751
515803
515005
515761
515751
515751
515751
515832
515711
515722
515761
515865
515765
515870
515775
515775
515832
515761
515425
515767
515002
515408
515001
515401
515822
515405
515445
515411
515408
515401
515731
515701
515763
515731
515863
515842
515832
515865
515865
515865
515721
515455
515414
515865
515865
515004
515611
515832
515801
515005
515401
515801
515004
515822
515001
515787
515405
515741
515004
515867
515722
515455
515865
515865
515865
515455
515763
515812
515701
515411
515812
515701
515004
515001
515415
515435
515751
515001
515741
515411
515812
515767
515701
515871
515435
515465
515822
515004
515865
515871
515003
515741
515865
515411
515411
515411
515411
515414
515863
515751
515004
515611
515731
515832
515405
515765
515445
515741
515763
515414
515465
515731
515765
515803
515787
515767
515401
515722
515766
515455
515801
515871
515867
515711
515611
515812
515871
515002
515812
515812
515415
515766
515731
515832
515411
515775
515865
515812
515415
515870
515408
515832
515425
515701
515415
515465
515465
515863
515867
515870
515761
515763
515765
515741
515401
515408
515761
515763
515465
515425
515787
515765
515741
515871
515722
515411
515731
515761
517425
517403
517280
517124
517415
517421
517326
517390
517326
517432
517247
517247
517167
517401
517326
517129
517421
517370
517415
517424
517124
517421
517351
517425
517127
517401
517418
517416
517326
517326
517370
517370
517432
517247
517426
517422
517132
517370
517123
517370
517423
517422
517351
517408
517326
517432
517257
517247
517326
517425
517419
517424
517417
517002
517004
517123
517127
517124
517126
517319
517424
517132
517001
517001
517004
517127
517417
517257
517002
517001
517001
517257
517424
517408
517425
517415
517425
517599
517351
517167
517167
517129
517419
517131
517127
517426
517129
517326
517125
517130
517130
517352
517124
517416
517257
517319
517432
517125
517123
517257
517129
517326
517129
517422
517351
517424
517418
517130
517132
517426
517425
517390
517126
517432
517123
517429
517326
517130
517130
517257
517128
517414
517126
517416
517424
517416
517415
517390
517257
517002
517408
517127
517390
517408
517126
517425
517422
517124
517426
517422
517391
517425
517131
517418
517247
517416
517423
517422
517416
517247
517391
517129
517127
517408
517422
517429
517432
517257
517423
517401
517424
517350
517418
517422
517326
517326
517247
517132
517131
517167
517325
517319
517421
517127
517425
517167
517247
517128
517425
517350
517417
517408
517408
517415
517425
517002
517326
517325
517325
517319
517351
517129
517128
517422
517370
517247
517125
517128
517247
517326
517129
517425
517370
517432
517416
517408
517167
517002
517132
517408
517408
517247
517167
517599
517129
517350
517247
517408
517417
517247
517425
517319
517429
517429
517432
517424
517401
517124
517350
517125
517390
517390
517127
517418
517280
517127
517419
517247
517416
517123
517417
517423
517416
517423
517130
517247
517125
517132
517401
517257
517403
517132
517419
517421
517419
517417
517002
517391
517326
517257
517247
517167
517167
517414
517257
517432
517424
517432
517280
517425
517370
517126
517418
517419
517421
517131
517124
517429
517408
517599
517129
517401
517132
517424
517257
517408
517004
517132
517257
517408
517319
517432
517131
517124
517257
517391
517425
517415
517125
517390
517391
517257
517247
517257
517401
517423
517418
517417
517408
517126
517128
517350
517426
517130
517124
517326
517127
517128
517247
517126
517391
517130
517167
517247
517247
517124
517131
517129
517326
517429
517401
517423
517401
517125
517403
517417
517370
517370
517001
517002
517326
517123
517418
517167
517352
517414
517421
517129
517126
517370
517426
517401
517423
517129
517127
517425
517167
517599
517599
517425
517432
517425
517123
517423
517257
517390
517390
517426
517599
517167
517247
517257
517004
517370
517391
517390
517280
517429
517004
517124
517419
517124
517418
517416
517123
517131
517415
517352
517415
517421
517416
517416
517351
517132
517414
517126
517129
517126
517131
517124
517326
517599
517247
517421
517425
517127
517167
517401
517125
517418
517326
517425
517599
517129
517280
517424
517125
517422
517125
517351
517425
517422
517418
517130
517130
517247
517125
516270
516269
516150
516215
516259
516150
516193
516501
516003
516150
516001
516193
516107
516257
516105
516105
516228
516107
516228
516104
516269
516257
516203
516107
516247
516267
516501
516193
516228
516227
516227
516259
516502
516105
516269
516270
516101
516503
516162
516501
516203
516128
516129
516233
516130
516203
516110
516214
516193
516269
516108
516227
516257
516233
516126
516217
516002
516257
516130
516126
516101
516267
516267
516128
516259
516267
516003
516501
516502
516269
516105
516193
516217
516162
516126
516501
516110
516150
516259
516004
516002
516003
516502
516162
516214
516108
516108
516003
516227
516193
516152
516504
516104
516101
516001
516163
516001
516001
516004
516107
516193
516107
516257
516002
516214
516104
516215
516269
516502
516504
516502
516215
516163
516268
516269
516502
516217
516257
516269
516227
516203
516108
516268
516126
516267
516217
516213
516259
516228
516213
516257
516504
516107
516267
516233
516233
516267
516269
516105
516193
516227
516267
516130
516150
516269
516502
516257
516215
516268
516129
516215
516504
516504
516004
516193
516128
516237
516129
516502
516002
516237
516203
516270
516217
516505
516214
516259
516504
516228
516227
516267
516104
516130
516503
516104
516126
516267
516257
516269
516259
516128
516214
516203
516193
516101
516101
516162
516203
516107
516257
516151
516501
516152
516259
516504
516127
516503
516101
516502
516203
516003
516108
516126
516163
516502
516163
516107
516203
516003
516003
516126
516101
516259
516501
516151
516259
516259
516257
516257
516101
516151
516002
516126
516003
516002
516233
516126
516257
516269
516247
516129
516128
516501
516503
516214
516004
516217
516150
516126
516105
516227
516227
516126
516152
516001
516270
516268
516228
516203
516126
516213
516215
516128
516503
516129
516108
516259
516162
516193
516217
516501
516215
516104
516152
516203
516001
516110
516110
516003
516128
516504
516150
516150
516502
516150
516217
516127
516215
516126
516213
516504
516247
516259
516108
516267
516101
516128
516162
516108
516269
516237
516003
516214
516003
516503
516267
516267
516002
516150
516228
516130
516129
516108
516247
516130
516110
516502
516129
516268
516228
516269
516127
516108
516129
516217
516126
516130
516104
516193
516151
516270
516107
516228
516267
516267
516107
516150
516193
516203
516503
516162
516107
516267
516213
516213
516268
516233
516162
516105
516115
516115
516505
516104
516504
516215
516162
516002
516504
516002
516003
516107
516193
516193
516003
516203
516269
516129
516193
516107
516101
516130
516257
516214
516502
516233
516002
516126
516215
516002
516003
516215
516130
516269
516193
516504
516193
516126
516150
516101
516215
516002
516269
516203
516505
516127
516237
516267
516127
516162
516268
516503
516101
516504
516001
516259
516101
516215
516214
516233
516130
516107
516505
516503
516003
516002
516267
516126
516267
516151
516505
516217
516502
516203
516259
516130
516128
516107
516502
516150
516505
516203
516128
516267
516203
516002
516162
516101
516126
516501
516003
516126
516193
516215
516227
516126
516217
516107
516268
516127
516267
516101
516101
516101
516110
516228
516501
516247
516270
516268
516213
516237
516214
516105
516004
515621
515124
515311
515281
515154
515281
515556
515144
515281
515301
515651
515661
515301
515631
515672
515501
515134
515571
515110
515651
515305
515661
515261
515134
515211
515641
515621
515341
515212
515331
515202
515271
515591
515531
515571
515134
515124
515144
515123
515511
515241
515241
515241
515144
515303
515241
515301
515110
515601
515122
515122
515331
515122
515301
515571
515303
515641
515621
515110
515101
515303
515124
515672
515556
515271
515341
515631
515631
515631
515556
515124
515571
515501
515541
515281
515331
515124
515211
515501
515551
515591
515672
515531
515641
515631
515672
515672
515291
515331
515521
515671
515671
515672
515571
515123
515321
515321
515531
515511
515164
515581
515531
515122
515531
515641
515159
515501
515541
515571
515571
515331
515571
515521
515511
515231
515144
515581
515291
515101
515621
515631
515154
515661
515212
515211
515123
515110
515501
515231
515672
515291
515301
515581
515561
515231
515123
515561
515271
515291
515291
515271
515122
515231
515286
515154
515159
515571
515305
515521
515164
515231
515281
515311
515311
515311
515164
515301
515286
515201
515202
515201
515212
515305
515261
515291
515271
515321
515311
515591
515133
515231
515305
515561
515521
515159
515591
515571
515591
515541
515591
515551
515241
515202
515321
515501
515124
515241
515303
515331
515521
515231
515641
515556
515331
515341
515144
515651
515133
515231
515311
515305
515556
515521
515521
515286
515144
515211
515144
515511
515311
515202
515601
515601
515123
515571
515110
515541
515531
515541
515110
515231
515621
515571
515331
515621
515271
515571
515571
515133
515291
515154
515211
515110
515212
515581
515591
515159
515305
515101
515631
515672
515621
515581
515164
515531
515521
515541
515501
515541
515341
515331
515133
515271
515301
515621
515281
515311
515501
515521
515672
515541
515241
515212
515661
515331
515271
515231
515124
515331
515212
515154
515303
515133
515159
515631
515521
515631
515511
515641
515124
515651
515521
515301
515133
515212
515631
515561
515601
515601
515286
515212
515621
515202
515511
515641
515159
515123
515571
515164
515101
515661
515591
515271
515331
515144
515672
515521
515286
515122
515124
515101
515122
515133
515672
515159
515551
515561
515501
515124
515123
515311
515641
515261
515661
515144
515144
515672
515531
515291
515541
515159
515601
515661
515110
515286
515561
515581
515101
515561
515672
515581
515581
515311
515521
515551
515202
515241
515154
515122
515541
515261
515241
515501
515571
515231
515631
515571
515631
515124
515581
515551
515501
515110
515110
515621
515271
515631
515621
515154
515101
515133
515651
515661
515134
515134
515591
515202
515231
515101
515556
515134
515134
515651
515303
515123
515110
515123
515311
515621
515305
515672
515159
515122
515321
515672
515241
515501
515672
515123
515321
515291
515211
515641
515672
515124
515661
515305
515511
515211
515212
515110
515154
515261
515331
515286
515601
515581
515122
515212
515672
515122
515561
515631
515133
515271
515672
515581
515281
515571
515561
515551
515341
515561
515271
515641
515672
515341
515561
515641
515241
515123
515556
515551
515511
515303
515551
515261
515241
515281
515231
515571
515501
515341
515651
515581
515501
515144
515133
515164
515101
515110
515621
515581
515261
515303
515134
515301
515261
515631
515301
518467
518533
518302
518301
518301
518225
518405
518465
518463
518220
518395
518467
518216
518390
518467
518302
518395
518313
518005
518347
518347
518422
518350
518222
518007
518344
518302
518422
518006
518598
518533
518350
518323
518401
518396
518348
518344
518302
518347
518218
518462
518313
518396
518599
518348
518004
518422
518301
518533
518411
518508
518395
518347
518412
518222
518432
518218
518216
518468
518220
518533
518462
518432
518206
518002
518462
518220
518380
518350
518206
518380
518380
518221
518390
518464
518218
518345
518442
518225
518405
518216
518347
518345
518350
518308
518395
518380
518346
518221
518218
518313
518348
518405
518396
518313
518222
518405
518333
518225
518350
518360
518432
518347
518465
518405
518221
518302
518222
518222
518222
518302
518452
518002
518323
518323
518344
518313
518380
518422
518004
518468
518004
518395
518360
518344
518463
518467
518442
518422
518225
518463
518390
518302
518002
518004
518508
518308
518401
518010
518463
518452
518220
518422
518004
518463
518467
518216
518360
518007
518508
518360
518333
518221
518466
518466
518348
518396
518468
518462
518533
518598
518422
518463
518598
518323
518360
518348
518395
518347
518333
518385
518344
518348
518308
518395
518308
518346
518346
518380
518221
518010
518345
518462
518422
518003
518308
518463
518422
518302
518222
518221
518220
518405
518349
518465
518002
518347
518390
518462
518313
518401
518380
518467
518467
518221
518360
518350
518452
518349
518221
518345
518323
518003
518217
518360
518010
518222
518222
518302
518360
518462
518360
518225
518348
518302
518343
518350
518206
518313
518323
518465
518465
518422
518350
518222
518333
518344
518452
518465
518396
518002
518001
518464
518346
518222
518348
518432
518010
518220
518462
518218
518411
518508
518216
518313
518225
518222
518360
518466
518221
518422
518390
518464
518225
518217
518463
518599
518465
518344
518344
518001
518001
518001
518004
518002
518001
518422
518464
518395
518218
518467
518225
518216
518308
518401
518002
518385
518422
518217
518002
518343
518390
518385
518385
518533
518349
518533
518302
518313
518222
518466
518216
518396
518222
518401
518004
518508
518401
518302
518345
518323
518395
518468
518346
518452
518348
518002
518323
518221
518405
518442
518395
518533
518464
518395
518599
518462
518360
518468
518350
518466
518004
518599
518422
518302
518347
518411
518004
518345
518010
518221
518401
518216
518333
518360
518308
518396
518347
518468
518422
518385
518452
518343
518401
518401
518422
518533
518002
518218
518411
518465
518465
518396
518220
518395
518004
518348
518313
518533
518401
518221
518452
518412
518390
518465
518462
518442
518004
518380
518467
518360
518401
518452
518220
518380
518221
518395
518323
518360
518463
518463
518003
518221
518221
518302
518468
518468
518390
518323
518422
518462
518221
518225
518004
518412
518412
518432
518462
518343
518380
518217
518452
518380
518464
518466
518004
518598
518220
518598
518396
518217
518468
518598
518380
518349
518508
518466
518405
518344
518301
518452
518217
518467
518301
518004
518102
518467
518346
518412
518308
518003
518217
518401
518349
518221
518010
518348
518422
518422
518599
518422
518010
518002
518101
518006
518222
518349
518333
518349
518462
518360
518348
518360
518468
518218
518508
518216
518401
518347
518401
518401
518465
518412
518462
518463
518004
518508
518216
518390
518401
518349
518222
518467
518218
518222
518002
518344
518390
518344
518220
518432
518422
518349
518508
518313
518308
518464
518405
518216
518533
518533
518533
518221
518217
518360
518464
518225
518346
518347
518010
518002
518465
518465
518599
518360
518360
518221
518396
518523
518123
518543
523372
518145
523328
523372
523356
518196
518543
518112
518165
518543
523373
518134
523357
523330
518135
523315
523356
518123
523326
523368
523368
518176
518124
523305
523372
523335
523335
523370
518502
523331
523336
523320
518523
518543
523305
523373
518112
518573
518124
518124
518523
523346
523333
518510
518583
518122
523334
518502
518523
518134
518112
523332
518134
518176
523327
523357
523315
518155
523336
518512
523335
523333
523332
518583
523327
523357
523367
518502
518553
518135
518502
518594
523305
518196
523327
518502
523320
523320
518122
518583
518122
518176
518511
523331
523333
523331
518594
523370
518553
523333
518543
523329
523331
518553
523373
518123
523372
523333
523333
523330
523356
523334
523320
518502
523320
523357
523336
523305
523305
518135
523330
518511
523356
518512
523331
523327
523328
523327
518510
518523
518543
518124
523326
518511
523367
523315
518583
518513
523346
523326
523305
523327
518583
523328
523330
523327
523333
523315
523357
523357
523357
518166
523320
518553
518124
523332
523330
523327
523373
518583
518123
518674
518553
523329
518502
523368
523356
523305
518134
518573
518583
518134
518134
518593
523327
523330
523373
518134
523330
523333
523369
523320
518186
523305
518502
518155
523326
518123
523333
523368
523329
523331
523346
523333
518573
518176
518563
518134
518674
518523
518145
523333
523329
523368
523315
523370
518134
518553
518123
518196
518563
518134
518123
518165
518593
523333
523326
518502
518523
523331
518124
518112
523371
523346
523315
518134
518134
518123
523327
523373
523367
523346
518511
518122
518135
518543
518112
523357
523329
518511
518543
518583
518573
518502
523346
518502
518124
523357
518134
518122
518124
523305
523370
523330
518134
518124
518513
523336
523370
518674
518573
523346
518543
523372
523320
523336
518553
518593
523333
518583
518502
518502
523369
523315
523327
518553
523332
518543
523328
523371
518124
523315
523333
523316
523316
523316
523328
518502
518155
523326
518124
523332
518123
518122
523326
518593
523336
518124
518543
523336
523334
523326
518165
523367
523327
518543
518553
523328
518502
523330
523371
523333
523327
523305
518510
523369
523331
518124
518123
518502
518176
518501
518501
518502
523327
523369
523372
523357
523335
523371
523334
518553
523329
518502
518145
523330
518543
523367
523356
518122
523346
518543
523368
518176
523373
523334
518502
518112
518112
523335
518523
518674
518543
518124
523331
523331
518543
518543
518155
518594
523327
518134
523372
523370
523320
518553
518166
523315
518166
518523
518123
523346
523357
523305
518511
523373
523315
518134
523320
523329
518511
523328
523334
518593
518155
518543
518166
518543
523328
523368
518502
518573
523326
523369
523331
518135
523329
518166
518176
518122
518513
523305
518122
523326
518176
518166
523333
523370
518511
523371
523373
518134
523305
518594
518155
518176
518543
518593
523370
518196
523331
518165
518501
523367
518513
518502
518543
523328
523356
523332
518196
523346
518513
518563
518122
523368
518501
518583
518155
518112
523329
518196
518594
523334
518124
518124
523332
523332
518501
518124
523369
518512
523331
518112
523320
523356
518166
523357
518512
523329
518123
518155
523371
518123
523305
523372
518502
523320
523326
518135
518135
518502
518122
518155
523330
523305
518112
518196
523327
523336
518573
523305
523333
523330
523329
523327
518510
518124
523328
523330
523367
523331
518124
518573
518124
518583
523357
523336
518124
518166
518510
523373
516339
516421
516421
516454
516396
516350
516339
516356
516391
516293
516434
516172
516355
516321
516484
516390
516172
516172
516362
516289
516289
516359
516350
516454
516350
516411
516484
516175
516474
516312
516432
516172
516401
516433
516349
516454
516431
516484
516391
516484
516380
516391
516401
516474
516321
516289
516293
516339
516349
516356
516218
516361
516474
516464
516310
516289
516380
516172
516433
516396
516312
516411
516391
516359
516175
516432
516380
516172
516391
516310
516356
516361
516444
516360
516289
516474
516434
516289
516432
516434
516216
516218
516431
516484
516361
516454
516350
516175
516173
516391
516474
516175
516391
516359
516474
516359
516293
516172
516360
516434
516444
516421
516216
516289
516293
516321
516173
516339
516350
516391
516218
516349
516321
516216
516361
516359
516434
516391
516293
516434
516175
516396
516431
516454
516361
516454
516361
516175
516330
516312
516421
516339
516391
516411
516434
516434
516434
516172
516411
516464
516175
516380
516474
516361
516310
516355
516432
516289
516175
516484
516401
516216
516432
516175
516349
516431
516396
516454
516350
516362
516356
516339
516309
516474
516289
516293
516339
516396
516474
516444
516434
516289
516444
516421
516218
516293
516484
516444
516360
516359
516362
516311
516421
516175
516172
516359
516350
516289
516172
516464
516293
516289
516396
516172
516401
516396
516433
516175
516218
516175
516484
516362
516361
516401
516444
516362
516218
516173
516349
516360
516321
516216
516434
516380
516391
516464
516350
516172
516439
516411
516172
516350
516356
516355
516484
516380
516421
516391
516289
516218
516464
516172
516433
516433
516474
516175
516175
516411
516310
516321
516172
516173
516444
516359
516216
516464
516321
516356
516421
516434
516350
516289
516434
516359
516396
516464
516216
516339
516289
516175
516391
516396
516434
516434
516309
516411
516293
516391
516361
516216
516349
516380
516289
516433
516431
516361
516464
516360
516360
516360
516391
516390
516391
516175
516434
516391
516216
516380
516359
516432
516216
516175
516175
516321
516401
516474
516431
516421
516289
516361
516172
516421
516356
516411
516173
516444
516172
516454
516474
516172
516361
516216
516434
516464
516434
516309
516401
516350
516356
516175
516433
516339
516362
516350
516474
516329
516359
516293
516464
516355
516216
516173
516474
516293
516309
516218
516401
516433
516289
516218
516421
516391
516172
516380
516362
516339
516349
516432
516329
516309
516293
516175
516355
516329
516321
516359
516339
516396
516216
516380
516349
516349
516391
516175
516431
516173
516312
516464
516380
516474
516289
516309
516309
516362
516321
516360
517507
517643
517643
517592
517589
517591
517587
517214
517640
517507
517536
517591
517645
517571
517582
517588
517291
517641
517619
517643
517582
517551
517587
517236
517581
517640
517642
517591
517520
517507
517102
517277
517504
517561
517214
517641
517213
517589
517194
517501
517642
517102
517194
517214
517641
517102
517643
517569
517551
517645
517102
517237
517590
517589
517505
517641
517192
517101
517101
517591
517526
517583
517305
517113
517193
517507
517541
517619
517582
517193
517583
517234
517277
517194
517643
517194
517112
517536
517536
517561
517520
517501
517152
517591
517503
517582
517588
517172
517236
517291
517214
517102
517194
517561
517619
517592
517591
517214
517620
517235
517569
517644
517112
517237
517520
517645
517236
517277
517561
517214
517213
517620
517213
517536
517589
517583
517214
517526
517152
517152
517235
517592
517297
517234
517213
517620
517588
517590
517586
517501
517586
517214
517213
517192
517299
517571
517234
517297
517541
517590
517236
517236
517643
517620
517297
517234
517234
517586
517113
517112
517102
517172
517213
517561
517643
517541
517619
517234
517589
517561
517297
517501
517641
517520
517645
517589
517541
517582
517536
517112
517582
517561
517645
517172
517590
517581
517582
517569
517236
517642
517214
517587
517501
517586
517194
517236
517194
517297
517102
517587
517588
517520
517644
517590
517643
517589
517619
517152
517586
517645
517297
517643
517584
517520
517561
517561
517213
517299
517541
517643
517588
517641
517112
517213
517213
517520
517526
517235
517213
517520
517569
517277
517590
517507
517172
517102
517620
517213
517237
517291
517299
517213
517237
517214
517619
517561
517619
517152
517234
517213
517192
517536
517592
517235
517214
517277
517526
517102
517113
517561
517305
517305
517589
517590
517277
517234
517569
517583
517102
517571
517581
517235
517237
517214
517112
517561
517194
517583
517561
517591
517582
517213
517299
517551
517536
517643
517569
517503
517551
517591
517112
517112
517505
517112
517234
517581
517214
517234
517620
517645
517237
517640
517503
517112
517541
517619
517586
517526
517297
517584
517305
517569
517551
517112
517192
517642
517642
517192
517297
517645
517112
517569
517505
517505
517214
517536
517520
517587
517620
517112
517642
517588
517642
517551
517643
517505
517590
517172
517589
517641
517277
517583
517583
517582
517507
517501
517583
517643
517588
517589
517571
517641
517291
517102
517237
517193
517588
517526
517113
517291
517234
517520
517192
517502
517502
517507
517502
517551
517502
517589
517643
517277
517505
517297
517112
517645
517297
517592
517507
517588
517571
517102
517506
517291
517297
517589
517588
517213
517571
517640
517586
517644
517644
517507
517587
517643
517583
517291
517237
517213
517193
517507
517590
517541
517214
517291
517592
517503
517194
517194
517235
517571
517561
517507
517193
517569
517551
517641
517505
517583
517640
517520
517581
517502
517236
517501
517503
517584
517504
517504
517501
517501
517501
517507
517501
517501
517582
517194
517640
517640
517214
517113
517551
517214
517213
517620
517234
517152
517541
517582
517299
517152
517520
517569
517590
517620
517297
517587
517503
517587
517581
517590
517112
517584
517214
517502
517586
517299
517234
517619
517541
517194
517620
517305
517291
517619
517194
534267
534266
534260
534260
534260
534235
534320
534280
534235
534126
534240
534208
534202
534330
534235
534250
534230
534217
534199
534123
534134
534266
534134
534243
534207
534267
534126
534266
534202
534201
534201
534206
534124
534266
534235
534199
534216
534199
534204
534281
534235
534269
534235
534268
534250
534275
534216
534202
534250
534227
534275
534123
534239
534260
534239
534237
534266
534330
534235
534243
534328
534134
534320
534268
534268
534239
534225
534202
534239
534244
534217
534267
534225
534235
534266
534211
534266
534326
534217
534122
534206
534265
534247
534124
534236
534217
534134
534320
534268
534236
534281
534199
534237
534237
534230
534328
534126
534328
534250
534269
534126
534222
534338
534260
534330
534269
534269
534199
534237
534235
534208
534222
534134
534134
534250
534210
534240
534260
534206
534275
534209
534320
534217
534328
534320
534280
534210
534235
534260
534275
534206
534209
534250
534275
534239
534268
534247
534199
534275
534330
534124
534238
534134
534218
534122
534266
534207
534265
534236
534134
534327
534209
534281
534227
534134
534330
534123
534324
534134
534281
534330
534280
534199
534326
534266
534275
534275
534124
534240
534122
534126
534240
534268
534210
534260
534260
534216
534225
534134
534199
534122
534247
534280
534204
534207
534235
534269
534199
534320
534338
534243
534320
534320
534267
534123
534124
534268
534328
534243
534281
534218
534324
534126
534327
534238
534244
534236
534260
534280
534324
534320
534267
534247
534208
534225
534275
534275
534225
534204
534211
534275
534122
534218
534134
534281
534326
534235
534268
534237
534280
534245
534202
534230
534201
534202
534243
534328
534202
534227
534324
534211
534211
534211
534218
534245
534134
534247
534239
534247
534207
534280
534265
534199
534230
534199
534324
534265
534267
534265
534218
534269
534199
534244
534260
534225
534265
534222
534227
534124
534250
534222
534207
534206
534275
534210
534250
534324
534215
534245
534244
534126
534216
534236
534275
534217
534416
534456
534449
534427
534455
534448
534401
534449
534003
534456
534448
534426
534456
534002
534312
534460
534456
534475
534312
534001
534425
534427
534007
534462
534312
534451
534448
534451
534425
534455
534004
534406
534427
534406
534455
534460
534460
534002
534456
534432
534451
534462
534312
534448
534426
534442
534426
534426
534461
534001
534006
534006
534001
534005
534467
534451
534455
534450
534455
534007
534450
534312
534437
534406
534425
534450
534455
534437
534004
534427
534425
534455
534451
534451
534007
534312
534467
534004
534475
534447
534447
534449
534456
534452
534455
534462
534416
534007
534462
534452
534311
534456
534449
534311
534311
534460
534312
534475
534312
534007
534004
534448
534437
534311
534003
534452
534448
534311
534462
534002
534442
534311
534312
534427
534450
534401
534451
534460
534462
534401
534425
534455
534456
534002
534460
534448
534455
534462
534432
534311
534448
534455
534452
534002
534448
534475
534461
534437
534006
534406
534448
534005
534007
534456
534401
534456
534002
534455
534003
534437
534450
534455
534003
534425
534002
534312
534442
534460
534002
534461
534004
534456
534311
534401
534437
534425
534460
534448
534406
534460
534311
534312
534437
534426
534006
534426
534448
534311
534312
534450
534462
534456
534451
534406
534475
534448
534452
534003
534461
534312
534437
534432
534007
534312
534460
534450
534455
534004
534432
534425
534455
534452
534467
534426
534452
534455
534005
534456
534462
534461
534406
534426
534467
534426
534312
534449
534460
534437
534002
534002
534456
534437
534312
534437
534455
534455
534452
534461
534452
534002
534426
534460
534452
534475
534448
534003
534460
534460
534461
534312
521333
521390
521213
521340
521343
521324
521312
521327
521330
521215
521202
521202
521261
521106
521106
521333
521345
521207
521324
521105
521301
521340
521263
521345
521111
521260
521261
521343
521301
521105
521202
521330
521215
521214
521333
521213
521324
521329
521345
521325
521148
521329
521322
521214
521207
521333
521213
521324
521323
521327
521343
521111
521213
521340
521323
521321
521201
521148
521148
521207
521202
521322
521201
521345
521312
521111
521322
521207
521333
521213
521214
521301
521301
521213
521326
521323
521325
521263
521105
521202
521321
521311
521326
521301
521215
521321
521214
521111
521324
521325
521333
521106
521214
521344
521344
521333
521325
521106
521207
521325
521340
521324
521322
521325
521260
521344
521213
521333
521207
521214
521345
521324
521329
521343
521214
521111
521340
521312
521105
521214
521324
521215
521321
521215
521321
521324
521311
521325
521327
521344
521213
521215
521111
521324
521345
521260
521324
521344
521105
521111
521345
521321
521111
521323
521215
521325
521261
521207
521324
521344
521324
521207
521311
521326
521321
521215
521324
521324
521330
521201
521201
521105
521340
521324
521329
521325
521344
521106
521390
521323
521263
521329
521321
521340
521324
521345
521105
521325
521325
521111
521214
521327
521327
521312
521214
521344
521207
521345
521343
521326
521106
521301
521213
521106
521321
521202
521215
521326
521343
521325
521344
521301
521340
521323
521330
521105
521330
521202
521345
521329
521105
521213
521213
521333
521345
521343
521327
521260
521215
521322
521215
521260
521106
521214
521111
521213
521321
521326
521329
521329
521325
521340
521329
521329
521213
521327
521263
521329
521333
521312
521312
521207
521311
521343
521260
521344
521321
521263
521201
521333
521325
521215
521312
524342
524129
524405
524121
524131
524345
524132
524345
524404
524345
524132
524407
524123
524321
524126
524127
524402
524127
524421
524410
524405
524404
524415
524412
524405
524404
524309
524126
524402
524421
524421
524345
524414
524343
524410
524403
524407
524134
524345
524126
524341
524341
524129
524320
524406
524405
524408
524405
524421
524407
524132
524402
524412
524132
524127
524341
524132
524403
524132
524343
524343
524129
524412
524343
524341
524127
524410
524345
524320
524342
524407
524134
524121
524409
524409
524320
524123
524323
524121
524403
524409
524321
524127
524408
524321
524309
524414
524131
524127
524421
524409
524413
524323
524101
524101
524101
524101
524407
524414
524402
524402
524320
524131
524321
524409
524323
524401
524323
524131
524129
524407
524321
524126
524404
524121
524410
524343
524320
524409
524123
524415
524343
524131
524408
524406
524309
524131
524345
524343
524320
524126
524126
524402
524121
524403
524401
524415
524320
524405
524404
524410
524127
524411
524405
524342
524405
524406
524131
524411
524421
524123
524413
524411
524341
524343
524131
524131
524405
524402
524132
524407
524134
524405
524341
524408
524134
524101
524403
524121
524309
524121
524121
524131
524405
524132
524407
524345
524404
524421
524413
524123
524409
524123
524345
524309
524411
524127
524412
524134
524126
524403
524415
524404
524343
524101
524345
524408
524126
524309
524126
524406
524415
524404
524323
524403
524406
524343
524131
524341
524421
524132
524320
524412
524134
524407
524323
524132
524309
524411
524402
524129
524309
524414
524132
524421
524124
524341
524407
524132
524124
524405
524404
524345
524407
524123
524407
524321
524126
524121
524129
524421
524126
524414
524401
524408
524403
524402
524408
524411
524408
524129
524123
524124
524121
524309
524321
524414
524407
524401
524409
524126
524412
524408
524309
524323
524414
524132
524343
524421
524406
524403
524407
524414
524126
524341
524412
524320
524413
524412
524323
524343
524345
524123
524343
524409
524121
524412
524121
524341
524127
524407
524405
524131
524415
524415
524403
524413
524132
524412
524121
524341
524345
524406
524405
524121
524134
524134
524309
524134
524407
524124
